2023-10-28 08:28:05.603297
 Q table: [[ 0.00000000e+00 -2.32976564e-04]
 [ 0.00000000e+00 -2.24147066e-04]
 [ 7.93028677e-07 -5.54318014e-05]
 [ 0.00000000e+00 -5.24362640e-04]
 [ 0.00000000e+00 -9.57927414e-06]
 [ 0.00000000e+00 -1.70073076e-04]
 [ 0.00000000e+00 -8.87912621e-05]
 [ 0.00000000e+00 -5.36986755e-04]
 [ 0.00000000e+00 -5.22707130e-05]
 [ 2.72786680e-06 -2.10348407e-04]
 [ 0.00000000e+00 -4.76307376e-04]
 [ 0.00000000e+00 -5.38135710e-05]
 [ 0.00000000e+00 -8.26117813e-05]
 [ 0.00000000e+00  0.00000000e+00]
 [ 2.90534215e-06 -1.15834467e-04]
 [ 0.00000000e+00 -4.75175358e-06]
 [ 2.94763731e-05  2.24503603e-04]
 [ 0.00000000e+00 -3.05986622e-05]
 [ 0.00000000e+00 -3.75085636e-05]
 [ 7.54460610e-06 -4.31141124e-05]
 [ 0.00000000e+00 -3.25416762e-04]
 [ 0.00000000e+00 -5.34063330e-04]
 [ 0.00000000e+00 -6.36937124e-05]
 [ 1.22908705e-07 -8.36203388e-05]
 [ 0.00000000e+00 -1.97773921e-07]
 [ 0.00000000e+00 -6.12525691e-05]
 [ 0.00000000e+00 -1.14306248e-05]
 [ 0.00000000e+00 -1.69859639e-04]
 [ 0.00000000e+00 -4.64261247e-04]
 [ 9.93314846e-06 -1.96987176e-04]
 [ 0.00000000e+00 -1.77348634e-04]
 [ 0.00000000e+00 -5.23521352e-04]
 [ 0.00000000e+00  0.00000000e+00]
 [ 0.00000000e+00 -2.87736926e-04]
 [ 0.00000000e+00  0.00000000e+00]
 [ 2.19918658e-05  1.38746868e-04]
 [ 6.53630403e-08 -1.24906859e-04]
 [ 0.00000000e+00 -7.06439826e-05]
 [ 3.13235921e-07 -1.98801097e-04]
 [ 2.67170350e-07 -8.83289493e-05]
 [ 0.00000000e+00 -7.23592199e-05]
 [ 0.00000000e+00 -1.03105732e-04]
 [ 0.00000000e+00 -5.94194839e-05]
 [ 0.00000000e+00 -4.48919261e-05]
 [ 2.74611802e-06 -2.40408578e-04]
 [ 0.00000000e+00 -2.21881137e-04]
 [ 0.00000000e+00 -1.40447077e-05]
 [ 0.00000000e+00 -5.21477963e-04]
 [ 4.43300763e-06 -6.25107432e-05]
 [ 0.00000000e+00 -2.70524092e-04]
 [ 6.18010842e-05  4.48641413e-04]
 [ 0.00000000e+00 -1.01905711e-04]
 [ 0.00000000e+00 -1.06637034e-04]
 [ 0.00000000e+00 -6.11440968e-04]
 [ 1.44821054e-06 -3.94679037e-04]
 [ 0.00000000e+00 -2.74554693e-04]
 [ 0.00000000e+00 -1.39858415e-04]
 [ 0.00000000e+00  1.13583133e-05]
 [ 0.00000000e+00  0.00000000e+00]
 [ 0.00000000e+00 -5.07881584e-04]
 [ 0.00000000e+00 -8.69369410e-05]
 [ 0.00000000e+00 -1.01611535e-04]
 [ 1.20802644e-05 -3.21935493e-05]
 [ 0.00000000e+00 -1.79794474e-04]
 [ 0.00000000e+00 -8.82324732e-06]
 [ 0.00000000e+00  0.00000000e+00]
 [ 0.00000000e+00 -2.73578443e-05]
 [ 0.00000000e+00 -6.67682872e-05]
 [ 1.68004632e-06 -1.10240868e-04]
 [ 0.00000000e+00 -8.96323361e-05]
 [ 0.00000000e+00  0.00000000e+00]
 [ 0.00000000e+00 -4.39903174e-04]
 [ 1.54187125e-06 -2.00765342e-04]
 [ 0.00000000e+00 -3.54543884e-04]
 [ 0.00000000e+00 -3.32619664e-05]
 [ 0.00000000e+00 -1.21431834e-04]
 [ 0.00000000e+00 -3.84544467e-06]
 [ 0.00000000e+00 -1.15700673e-03]
 [ 0.00000000e+00 -9.73886732e-05]
 [ 0.00000000e+00 -8.23580361e-05]
 [ 0.00000000e+00 -4.45623644e-04]
 [ 0.00000000e+00 -4.96350765e-04]
 [ 0.00000000e+00  3.33281571e-04]
 [ 9.21815290e-07 -5.44429696e-05]
 [ 3.76626194e-06 -2.48904709e-04]
 [ 0.00000000e+00 -1.11773625e-04]
 [ 0.00000000e+00 -4.17844958e-04]
 [ 0.00000000e+00 -9.69570678e-05]
 [ 0.00000000e+00 -1.04818452e-04]
 [ 0.00000000e+00 -9.68257593e-05]
 [ 0.00000000e+00  3.88144860e-04]
 [ 0.00000000e+00 -9.66156367e-05]
 [ 0.00000000e+00 -1.65789483e-04]
 [ 0.00000000e+00 -7.07353277e-05]
 [ 0.00000000e+00 -1.08665249e-04]
 [ 0.00000000e+00 -2.13959351e-04]
 [ 0.00000000e+00 -6.08788257e-04]
 [ 0.00000000e+00 -9.44543820e-04]
 [ 0.00000000e+00  0.00000000e+00]
 [ 0.00000000e+00 -5.45506641e-05]
 [ 0.00000000e+00 -1.18435602e-04]
 [ 0.00000000e+00 -6.69102535e-05]
 [ 0.00000000e+00 -4.40552753e-05]
 [ 0.00000000e+00 -1.60424755e-04]
 [ 0.00000000e+00 -4.77848824e-05]
 [ 0.00000000e+00 -6.11845958e-04]
 [ 2.26429707e-06 -5.63726987e-05]
 [ 0.00000000e+00 -3.89998022e-04]
 [ 0.00000000e+00  0.00000000e+00]
 [ 0.00000000e+00 -1.39315606e-04]
 [ 0.00000000e+00 -2.84908084e-04]
 [ 0.00000000e+00 -8.42786595e-05]
 [ 7.74158769e-06 -6.73671698e-05]
 [ 0.00000000e+00 -8.85654259e-05]
 [ 0.00000000e+00 -4.78641776e-04]
 [ 0.00000000e+00 -2.16861156e-04]
 [ 4.61797183e-08 -1.35324399e-04]
 [ 3.21878313e-07 -1.01379117e-04]
 [ 0.00000000e+00 -2.84101393e-04]
 [ 3.12832480e-06 -7.37955996e-04]
 [ 0.00000000e+00 -2.34071706e-04]
 [ 0.00000000e+00 -2.27481605e-04]
 [ 0.00000000e+00 -2.78545754e-04]
 [ 1.78504872e-06 -2.24310677e-04]
 [ 0.00000000e+00 -6.07518129e-05]
 [ 0.00000000e+00 -3.62054739e-04]
 [ 0.00000000e+00 -5.67764330e-04]
 [ 0.00000000e+00 -1.90111898e-04]
 [ 9.15737534e-07 -5.59355627e-05]
 [ 0.00000000e+00  1.64421101e-05]
 [ 0.00000000e+00 -6.50262617e-04]
 [ 0.00000000e+00 -7.20780178e-05]
 [ 4.75385109e-06 -3.21541374e-05]
 [ 0.00000000e+00  0.00000000e+00]
 [ 0.00000000e+00  0.00000000e+00]
 [ 7.85055212e-07 -1.40326900e-04]
 [ 0.00000000e+00 -1.49006623e-04]
 [ 3.41390061e-05 -2.98525267e-04]
 [ 0.00000000e+00  0.00000000e+00]
 [ 0.00000000e+00 -2.40465860e-04]
 [ 0.00000000e+00 -7.04097191e-06]
 [ 0.00000000e+00 -3.23254990e-04]
 [ 3.06149406e-06 -4.46588256e-04]
 [ 0.00000000e+00 -2.47217401e-04]
 [ 0.00000000e+00  0.00000000e+00]
 [ 0.00000000e+00 -6.34711121e-04]
 [ 5.06382168e-06  2.57268642e-04]
 [ 0.00000000e+00 -2.49583203e-04]
 [ 0.00000000e+00 -8.59461793e-05]
 [ 1.98024965e-06 -4.23949531e-04]
 [ 4.08568593e-08 -8.33740297e-05]
 [ 6.94542964e-07 -3.09564532e-04]
 [ 1.06715257e-06 -2.01050278e-04]
 [ 0.00000000e+00 -3.50593743e-05]
 [ 0.00000000e+00 -9.73783112e-05]
 [ 0.00000000e+00 -7.85517565e-05]
 [ 0.00000000e+00 -6.38844485e-05]
 [ 0.00000000e+00  0.00000000e+00]
 [ 4.83196858e-06 -3.93120341e-05]
 [ 4.14479136e-06 -2.65035966e-04]
 [ 0.00000000e+00 -7.30477537e-05]
 [ 0.00000000e+00 -3.07133811e-04]
 [ 0.00000000e+00 -3.49394839e-04]
 [ 0.00000000e+00 -4.35218972e-05]
 [ 0.00000000e+00 -1.43868463e-04]
 [ 0.00000000e+00 -4.01804065e-05]
 [ 0.00000000e+00 -6.61276841e-05]
 [ 7.06821416e-07 -2.23058564e-04]
 [ 0.00000000e+00 -2.92810196e-04]
 [ 8.28240588e-06  1.38040098e-04]
 [ 0.00000000e+00 -4.83692356e-04]
 [ 0.00000000e+00  0.00000000e+00]
 [ 0.00000000e+00 -1.22914094e-04]
 [ 0.00000000e+00 -3.45284311e-05]
 [ 8.65403711e-06 -3.08177063e-04]
 [ 0.00000000e+00 -4.36461297e-04]
 [ 0.00000000e+00  0.00000000e+00]
 [ 0.00000000e+00  0.00000000e+00]
 [ 1.48476195e-06 -6.26102115e-04]
 [ 0.00000000e+00  1.00638591e-04]
 [ 0.00000000e+00 -2.49879378e-04]
 [ 0.00000000e+00 -5.29829870e-05]
 [ 0.00000000e+00 -8.92400604e-05]
 [ 0.00000000e+00 -1.77100217e-04]
 [ 0.00000000e+00 -7.35954247e-05]
 [ 0.00000000e+00 -6.80100961e-05]
 [ 0.00000000e+00 -1.18992121e-04]
 [ 0.00000000e+00 -1.94663966e-04]]

-------------------------------------------------------------------------

