Fecha y hora: 2023-10-28 08:28:05.602750
Parametros utilizados: 'pa': 0.5, 'max_iter': 100, 'epsilon': 0.16, 'beta': 1.4, 'alpha': 0.1, 'gamma': 0.6
Mejores características: [1 1 1 0 1 0 1 0 1 0 1 0 1 1 0 0 1 1 0 1 0 0 1 0 0 0 0 0 1 0 1 0 1 0 1 0 0
 1 0 0 1 1 1 1 1 0 0 1 0 0 1 0 0 0 1 0 1 0 1 1 0 0 1 0 0 0 0 0 0 1 1 1 1 0
 0 0 1 1 0 1 1 1 1 0 1 0 0 0 0 1 1 0 1 0 1 1 0 1 0 1 1 1 0 0 0 1 1 0 1 0 0
 0 1 0 0 1 0 0 1 0 0 1 0 0 1 0 1 0 1 1 1 0 0 0 0 1 1 0 0 1 1 0 1 0 1 0 1 0
 0 0 0 1 0 1 0 1 0 1 1 1 0 0 1 0 0 1 0 1 1 0 0 1 1 0 0 1 1 0 0 0 0 1 1 1 0
 0 0]
Fitness (KNN): 0.9664306919387988
Fitness (Decision Tree): 0.9461064169901804
Fitness (Random Forest): 0.9698561315368806
Fitness (SVM): 0.9598081753825074
-------------------------------------------------------------------------

