Fecha y hora: 2023-11-03 18:28:11.324639
Parametros utilizados: 'pa': 0.5, 'max_iter': 100, 'epsilon': 0.16, 'beta': 1.4, 'alpha': 0.1, 'gamma': 0.6
Mejores características: [1 0 1 0 0 0 0 1 0 1 0 1 1 1 1 1 0 1 0 1 1 0 1 0 1 0 0 0 1 0 1 1 0 1 1 1 1
 0 1 1 1 0 1 1 1 1 1 0 0 0 0 1 1 1 0 1 1 0 0 0 0 1 1 0 1 1 1 1 0 1 0 0 1 1
 1 0 0 0 0 1 0 0 1 1 0 1 0 1 1 0 0 0 1 0 0 0 0 1 1 1 0 1 1 1 1 1 1 1 1 1 1
 1 0 1 0 0 1 0 1 0 0 0 1 0 0 1 0 1 0 1 1 0 0 0 0 0 1 1 1 0 0 0 0 0 1 1 1 1
 0 0 1 1 1 1 1 1 0 1 1 0 0 0 1 1 1 0 1 0 1 0 0 1 0 0 0 0 0 1 1 1 0 0 1 0 0
 1 0]
Mejor precisión (fitness): 0.9602649006622517
-------------------------------------------------------------------------

